$HEADER
GENCAD 1.4
USER "kicad (6.0.4)"
DRAWING "S:/EPROM/!Projekty/Foor Heater Control/PBA/Central Heating Control PBA/Central Heating Control PBA.kicad_pcb"
REVISION "2.0 2022-05-07"
UNITS INCH
ORIGIN 0 0
INTERTRACK 0
$ENDHEADER

$BOARD
LINE 1.31854 -4.81377 1.31856 -1.44708
LINE 8.14354 -1.44897 8.14354 -4.81377
LINE 1.31856 -1.44708 8.14354 -1.44897
LINE 1.98854 -3.91377 2.03854 -3.93877
LINE 7.16854 -4.53877 7.21854 -4.56377
LINE 1.98854 -1.96323 2.03854 -1.98823
LINE 5.53854 -1.96323 5.58854 -1.98823
LINE 8.14354 -4.81377 1.31854 -4.81377
LINE 4.34354 -4.33877 4.39354 -4.36377
LINE 7.99354 -1.7026 8.04354 -1.7276
$ENDBOARD

$PADS
PAD V600000.400000.80000001 ROUND 0.015748
CIRCLE 0 0 0.011811
PAD P1 ROUND 0.023622
CIRCLE 0 0 0.0314961
PAD P2 ROUND 0.03
CIRCLE 0 0 0.03
PAD P3 ROUND 0.0314961
CIRCLE 0 0 0.0314961
PAD P4 ROUND 0.0354331
CIRCLE 0 0 0.0354331
PAD P5 ROUND 0.0393701
CIRCLE 0 0 0.0452756
PAD P6 ROUND 0.0472441
CIRCLE 0 0 0.0472441
PAD P7 ROUND 0.0511811
CIRCLE 0 0 0.0452756
PAD P8 ROUND 0.0511811
CIRCLE 0 0 0.0492126
PAD P9 ROUND 0.0598425
CIRCLE 0 0 0.0590551
PAD P10 RECTANGULAR 0.03
RECTANGLE -0.03 -0.03 0.06 0.06
PAD P11 RECTANGULAR 0.0314961
RECTANGLE -0.0472441 -0.0314961 0.0944882 0.0629921
PAD P12 RECTANGULAR 0.0354331
RECTANGLE -0.0354331 -0.0354331 0.0708661 0.0708661
PAD P13 RECTANGULAR 0.0393701
RECTANGLE -0.0334646 -0.0334646 0.0669291 0.0669291
PAD P14 RECTANGULAR 0.0393701
RECTANGLE -0.0452756 -0.0393701 0.0905512 0.0787402
PAD P15 RECTANGULAR 0.0433071
RECTANGLE -0.0375 -0.0393701 0.075 0.0787402
PAD P16 RECTANGULAR 0.0511811
RECTANGLE -0.0492126 -0.0492126 0.0984252 0.0984252
PAD P17 RECTANGULAR 0.0598425
RECTANGLE -0.0590551 -0.0590551 0.11811 0.11811
PAD P18 POLYGON 0.0314961
ARC -0.0314961 0 0 -0.0314961 0 0
ARC 0 -0.0314961 0.0314961 0 0 0
ARC 0.0314961 0 0 0.0314961 0 0
ARC 0 0.0314961 -0.0314961 0 0 0
PAD P19 POLYGON 0.0314961
ARC -0.0472441 0 -0.015748 -0.0314961 -0.015748 0
LINE -0.015748 -0.0314961 0.015748 -0.0314961
ARC 0.015748 -0.0314961 0.0472441 0 0.015748 0
ARC 0.0472441 0 0.015748 0.0314961 0.015748 0
LINE -0.015748 0.0314961 0.015748 0.0314961
ARC -0.015748 0.0314961 -0.0472441 0 -0.015748 0
PAD P20 POLYGON 0.0393701
ARC -0.0334646 0 0 -0.0334646 0 0
ARC 0 -0.0334646 0.0334646 0 0 0
ARC 0.0334646 0 0 0.0334646 0 0
ARC 0 0.0334646 -0.0334646 0 0 0
PAD P21 POLYGON 0.0433071
ARC -0.0375 -0.00187008 0 -0.0393701 0 -0.00187008
ARC 0 -0.0393701 0.0375 -0.00187008 0 -0.00187008
LINE 0.0375 0.00187008 0.0375 -0.00187008
ARC 0.0375 0.00187008 0 0.0393701 0 0.00187008
ARC 0 0.0393701 -0.0375 0.00187008 0 0.00187008
LINE -0.0375 -0.00187008 -0.0375 0.00187008
PAD P22 POLYGON 0
ARC -0.023622 -0.0177165 -0.0137795 -0.0275591 -0.0137795 -0.0177165
LINE -0.0137795 -0.0275591 0.0137795 -0.0275591
ARC 0.0137795 -0.0275591 0.023622 -0.0177165 0.0137795 -0.0177165
LINE 0.023622 0.0177165 0.023622 -0.0177165
ARC 0.023622 0.0177165 0.0137795 0.0275591 0.0137795 0.0177165
LINE -0.0137795 0.0275591 0.0137795 0.0275591
ARC -0.0137795 0.0275591 -0.023622 0.0177165 -0.0137795 0.0177165
LINE -0.023622 -0.0177165 -0.023622 0.0177165
PAD P23 POLYGON 0
ARC -0.0290354 -0.00590551 -0.0231299 -0.011811 -0.0231299 -0.00590551
LINE -0.0231299 -0.011811 0.0231299 -0.011811
ARC 0.0231299 -0.011811 0.0290354 -0.00590551 0.0231299 -0.00590551
LINE 0.0290354 0.00590551 0.0290354 -0.00590551
ARC 0.0290354 0.00590551 0.0231299 0.011811 0.0231299 0.00590551
LINE -0.0231299 0.011811 0.0231299 0.011811
ARC -0.0231299 0.011811 -0.0290354 0.00590551 -0.0231299 0.00590551
LINE -0.0290354 -0.00590551 -0.0290354 0.00590551

$ENDPADS

$PADSTACKS
PADSTACK VIA600000.400000.80000001 0.015748
PAD V600000.400000.80000001 BOTTOM 0 0
PAD V600000.400000.80000001 TOP 0 0
PADSTACK PAD1 0.023622
PAD P1 BOTTOM 0 0
PAD P1 TOP 0 0
PADSTACK PAD2 0.03
PAD P2 BOTTOM 0 0
PAD P2 TOP 0 0
PADSTACK PAD3 0.0314961
PAD P3 BOTTOM 0 0
PAD P3 TOP 0 0
PADSTACK PAD4 0.0354331
PAD P4 BOTTOM 0 0
PAD P4 TOP 0 0
PADSTACK PAD5 0.0393701
PAD P5 BOTTOM 0 0
PAD P5 TOP 0 0
PADSTACK PAD6 0.0472441
PAD P6 BOTTOM 0 0
PAD P6 TOP 0 0
PADSTACK PAD7 0.0511811
PAD P7 BOTTOM 0 0
PAD P7 TOP 0 0
PADSTACK PAD8 0.0511811
PAD P8 BOTTOM 0 0
PAD P8 TOP 0 0
PADSTACK PAD9 0.0598425
PAD P9 BOTTOM 0 0
PAD P9 TOP 0 0
PADSTACK PAD10 0.03
PAD P10 BOTTOM 0 0
PAD P10 TOP 0 0
PADSTACK PAD11 0.0314961
PAD P11 BOTTOM 0 0
PAD P11 TOP 0 0
PADSTACK PAD12 0.0354331
PAD P12 BOTTOM 0 0
PAD P12 TOP 0 0
PADSTACK PAD13 0.0393701
PAD P13 BOTTOM 0 0
PAD P13 TOP 0 0
PADSTACK PAD14 0.0393701
PAD P14 BOTTOM 0 0
PAD P14 TOP 0 0
PADSTACK PAD15 0.0433071
PAD P15 BOTTOM 0 0
PAD P15 TOP 0 0
PADSTACK PAD16 0.0511811
PAD P16 BOTTOM 0 0
PAD P16 TOP 0 0
PADSTACK PAD17 0.0598425
PAD P17 BOTTOM 0 0
PAD P17 TOP 0 0
PADSTACK PAD18 0.0314961
PAD P18 BOTTOM 0 0
PAD P18 TOP 0 0
PADSTACK PAD19 0.0314961
PAD P19 BOTTOM 0 0
PAD P19 TOP 0 0
PADSTACK PAD20 0.0393701
PAD P20 BOTTOM 0 0
PAD P20 TOP 0 0
PADSTACK PAD21 0.0433071
PAD P21 BOTTOM 0 0
PAD P21 TOP 0 0
PADSTACK PAD22 0
PAD P22 TOP 0 0
PADSTACK PAD23 0
PAD P23 TOP 0 0
$ENDPADSTACKS

$ARTWORKS
$ENDARTWORKS

$SHAPES

SHAPE "LED_THT:LED_D3.0mm_Clear"
INSERT TH
LINE -0.0114173 -0.0425197 -0.0114173 -0.0486614
LINE -0.0114173 0.0486614 -0.0114173 0.0425197
ARC 0.0909894 0.0425133 0.00901728 0.0425197 0.05 0
ARC 0.00901728 -0.0425197 0.0909894 -0.0425133 0.05 0
ARC -0.0114173 -0.0486424 0.11584 -0.0424649 0.05 0
ARC 0.11584 0.0424649 -0.0114173 0.0486424 0.05 0
PIN "1" PAD12 0 0 TOP 0 0
PIN "2" PAD4 0.1 0 TOP 0 0

SHAPE "Resistor_SMD:R_0805_2012Metric_Pad1.20x1.40mm_HandSolder"
INSERT SMD
LINE -0.00893953 0.028937 0.00893953 0.028937
LINE -0.00893953 -0.028937 0.00893953 -0.028937
PIN "1" PAD22 -0.0393701 0 TOP 0 0
PIN "2" PAD22 0.0393701 0 TOP 0 0

SHAPE "TerminalBlock_MetzConnect:TerminalBlock_MetzConnect_Type055_RT01502HDWU_1x02_P5.00mm_Horizontal"
INSERT TH
LINE -0.110236 -0.169291 -0.0314961 -0.169291
LINE -0.100787 0.159843 -0.100787 -0.159843
LINE 0.157087 -0.047874 0.154764 -0.0501575
LINE -0.110236 -0.0811024 -0.110236 -0.169291
LINE 0.150394 -0.0384252 0.146693 -0.0420866
LINE 0.297638 0.159843 0.297638 -0.159843
LINE 0.238976 0.0501969 0.236654 0.047874
LINE -0.100787 0.0787402 0.297638 0.0787402
LINE -0.100787 0.159843 0.297638 0.159843
LINE -0.100787 -0.159843 0.297638 -0.159843
LINE -0.100787 -0.0787402 0.297638 -0.0787402
LINE 0.247047 0.0420866 0.243346 0.0384252
ARC -0.031063 -0.0584252 0.00115681 -0.0661594 -7.87402e-08 -1.9685e-07
ARC 0 -0.0661417 0.0310517 -0.0583997 0 0
ARC 0.0584252 -0.031063 0.0584233 0.0310665 0 0
ARC -0.0584252 0.031063 -0.0584233 -0.0310665 -1.9685e-07 0
ARC 0.031063 0.0584252 -0.0310665 0.0584233 0 1.9685e-07
CIRCLE 0.19685 0 0.0661417
PIN "1" PAD16 0 0 TOP 0 0
PIN "2" PAD8 0.19685 0 TOP 0 0

SHAPE "Package_DIP:DIP-6_W7.62mm_Socket_LongPads"
INSERT TH
LINE 0.356693 0.0547244 -0.0566929 0.0547244
LINE 0.238583 -0.252362 0.238583 0.0523622
LINE 0.0614173 -0.252362 0.238583 -0.252362
LINE 0.11063 0.0523622 0.0614173 0.0523622
LINE 0.238583 0.0523622 0.18937 0.0523622
LINE 0.356693 -0.254724 0.356693 0.0547244
LINE 0.0614173 0.0523622 0.0614173 -0.252362
LINE -0.0566929 0.0547244 -0.0566929 -0.254724
LINE -0.0566929 -0.254724 0.356693 -0.254724
ARC 0.11063 0.0523622 0.18937 0.0523622 0.15 0.0523622
PIN "1" PAD11 0 0 TOP 0 0
PIN "2" PAD19 0 -0.1 TOP 0 0
PIN "3" PAD19 0 -0.2 TOP 0 0
PIN "4" PAD19 0.3 -0.2 TOP 0 0
PIN "5" PAD19 0.3 -0.1 TOP 0 0
PIN "6" PAD19 0.3 0 TOP 0 0

SHAPE "Resistor_THT:R_Axial_DIN0207_L6.3mm_D2.5mm_P2.54mm_Vertical"
INSERT TH
LINE 0.053937 0 0.0566929 0
CIRCLE 0 0 0.053937
PIN "1" PAD3 0 0 TOP 0 0
PIN "2" PAD18 0.1 0 TOP 0 0

SHAPE "Resistor_THT:R_Axial_DIN0207_L6.3mm_D2.5mm_P2.54mm_Vertical_0"
INSERT TH
LINE 0.053937 0 0.0566929 0
CIRCLE 0 0 0.053937
PIN "1" PAD3 0 0 TOP 0 0
PIN "2" PAD18 0.1 0 TOP 0 0

SHAPE "Package_TO_SOT_THT:TO-220-3_Vertical"
INSERT TH
LINE 0.0271654 0.12874 0.0271654 0.0692913
LINE -0.101575 0.12874 -0.101575 -0.0539764
LINE -0.101575 0.12874 0.301575 0.12874
LINE -0.101575 -0.0539764 0.301575 -0.0539764
LINE 0.172874 0.12874 0.172874 0.0692913
LINE -0.101575 0.0692913 0.301575 0.0692913
LINE 0.301575 0.12874 0.301575 -0.0539764
PIN "1" PAD15 0 0 TOP 0 0
PIN "2" PAD21 0.1 0 TOP 0 0
PIN "3" PAD21 0.2 0 TOP 0 0

SHAPE "Capacitor_THT:C_Rect_L19.0mm_W7.0mm_P15.00mm_MKS4"
INSERT TH
LINE -0.0834646 0.14252 0.674016 0.14252
LINE -0.0834646 -0.14252 0.674016 -0.14252
LINE 0.674016 0.14252 0.674016 -0.14252
LINE -0.0834646 0.14252 -0.0834646 -0.14252
PIN "1" PAD6 0 0 TOP 0 0
PIN "2" PAD6 0.590551 0 TOP 0 0

SHAPE "Connector_PinSocket_2.54mm:PinSocket_1x02_P2.54mm_Vertical"
INSERT TH
LINE 0.0523622 -0.05 0.0523622 -0.152362
LINE 0 0.0523622 0.0523622 0.0523622
LINE -0.0523622 -0.05 -0.0523622 -0.152362
LINE -0.0523622 -0.152362 0.0523622 -0.152362
LINE -0.0523622 -0.05 0.0523622 -0.05
LINE 0.0523622 0.0523622 0.0523622 0
PIN "1" PAD13 0 0 TOP 0 0
PIN "2" PAD20 0 -0.1 TOP 0 0

SHAPE "Varistor:RV_Disc_D9mm_W3.3mm_P5mm"
INSERT TH
LINE -0.0787402 -0.0885827 0.275591 -0.0885827
LINE -0.0787402 0.0413386 0.275591 0.0413386
LINE -0.0787402 0.0413386 -0.0787402 -0.0885827
LINE 0.275591 0.0413386 0.275591 -0.0885827
PIN "1" PAD1 0 0 TOP 0 0
PIN "2" PAD1 0.19685 -0.0472441 TOP 0 0

SHAPE "Package_TO_SOT_THT:TO-220-3_Vertical_0"
INSERT TH
LINE 0.301575 0.12874 0.301575 -0.0539764
LINE -0.101575 0.12874 0.301575 0.12874
LINE -0.101575 0.0692913 0.301575 0.0692913
LINE -0.101575 -0.0539764 0.301575 -0.0539764
LINE 0.0271654 0.12874 0.0271654 0.0692913
LINE 0.172874 0.12874 0.172874 0.0692913
LINE -0.101575 0.12874 -0.101575 -0.0539764
PIN "1" PAD15 0 0 TOP 0 0
PIN "2" PAD21 0.1 0 TOP 0 0
PIN "3" PAD21 0.2 0 TOP 0 0

SHAPE "Package_TO_SOT_SMD:SOT-23"
INSERT SMD
LINE 0 -0.0614173 -0.0255906 -0.0614173
LINE 0 -0.0614173 0.0255906 -0.0614173
LINE 0 0.0614173 -0.0659449 0.0614173
LINE 0 0.0614173 0.0255906 0.0614173
PIN "1" PAD23 -0.0369094 0.0374016 TOP 0 0
PIN "2" PAD23 -0.0369094 -0.0374016 TOP 0 0
PIN "3" PAD23 0.0369094 0 TOP 0 0

SHAPE "Connector_PinSocket_2.54mm:PinSocket_1x02_P2.54mm_Vertical_0"
INSERT TH
LINE 0 0.0523622 0.0523622 0.0523622
LINE 0.0523622 -0.05 0.0523622 -0.152362
LINE -0.0523622 -0.05 -0.0523622 -0.152362
LINE 0.0523622 0.0523622 0.0523622 0
LINE -0.0523622 -0.152362 0.0523622 -0.152362
LINE -0.0523622 -0.05 0.0523622 -0.05
PIN "1" PAD13 0 0 TOP 0 0
PIN "2" PAD20 0 -0.1 TOP 0 0

SHAPE "TerminalBlock_MetzConnect:TerminalBlock_MetzConnect_Type055_RT01502HDWU_1x02_P5.00mm_Horizontal_0"
INSERT TH
LINE 0.238976 0.0501969 0.236654 0.047874
LINE -0.100787 -0.0787402 0.297638 -0.0787402
LINE -0.110236 -0.169291 -0.0314961 -0.169291
LINE -0.100787 0.0787402 0.297638 0.0787402
LINE 0.297638 0.159843 0.297638 -0.159843
LINE -0.100787 0.159843 -0.100787 -0.159843
LINE 0.157087 -0.047874 0.154764 -0.0501575
LINE 0.247047 0.0420866 0.243346 0.0384252
LINE -0.100787 0.159843 0.297638 0.159843
LINE 0.150394 -0.0384252 0.146693 -0.0420866
LINE -0.110236 -0.0811024 -0.110236 -0.169291
LINE -0.100787 -0.159843 0.297638 -0.159843
ARC 0.0584252 -0.031063 0.0584233 0.0310665 0 0
ARC 0 -0.0661417 0.0310517 -0.0583997 0 0
ARC 0.031063 0.0584252 -0.0310665 0.0584233 0 1.9685e-07
ARC -0.0584252 0.031063 -0.0584233 -0.0310665 -1.9685e-07 0
ARC -0.031063 -0.0584252 0.00115681 -0.0661594 -7.87402e-08 -1.9685e-07
CIRCLE 0.19685 0 0.0661417
PIN "1" PAD16 0 0 TOP 0 0
PIN "2" PAD8 0.19685 0 TOP 0 0

SHAPE "Resistor_SMD:R_0805_2012Metric_Pad1.20x1.40mm_HandSolder_0"
INSERT SMD
LINE -0.00893953 0.028937 0.00893953 0.028937
LINE -0.00893953 -0.028937 0.00893953 -0.028937
PIN "1" PAD22 -0.0393701 0 TOP 0 0
PIN "2" PAD22 0.0393701 0 TOP 0 0

SHAPE "Resistor_THT:R_Axial_DIN0207_L6.3mm_D2.5mm_P2.54mm_Vertical_1"
INSERT TH
LINE 0.053937 0 0.0566929 0
CIRCLE 0 0 0.053937
PIN "1" PAD3 0 0 TOP 0 0
PIN "2" PAD18 0.1 0 TOP 0 0

SHAPE "TerminalBlock:TerminalBlock_bornier-2_P5.08mm"
INSERT TH
LINE 0.3 -0.15 0.3 0.15
LINE 0.3 0.15 -0.1 0.15
LINE -0.1 -0.15 0.3 -0.15
LINE 0.3 -0.1 -0.1 -0.1
LINE -0.1 0.15 -0.1 -0.15
PIN "1" PAD17 0 0 TOP 0 0
PIN "2" PAD9 0.2 0 TOP 0 0

SHAPE "TerminalBlock_MetzConnect:TerminalBlock_MetzConnect_Type055_RT01502HDWU_1x02_P5.00mm_Horizontal_1"
INSERT TH
LINE 0.297638 0.159843 0.297638 -0.159843
LINE 0.157087 -0.047874 0.154764 -0.0501575
LINE -0.100787 0.159843 -0.100787 -0.159843
LINE 0.238976 0.0501969 0.236654 0.047874
LINE -0.110236 -0.0811024 -0.110236 -0.169291
LINE -0.100787 -0.0787402 0.297638 -0.0787402
LINE -0.100787 0.159843 0.297638 0.159843
LINE -0.110236 -0.169291 -0.0314961 -0.169291
LINE -0.100787 -0.159843 0.297638 -0.159843
LINE -0.100787 0.0787402 0.297638 0.0787402
LINE 0.247047 0.0420866 0.243346 0.0384252
LINE 0.150394 -0.0384252 0.146693 -0.0420866
ARC -0.0584252 0.031063 -0.0584233 -0.0310665 -1.9685e-07 0
ARC 0 -0.0661417 0.0310517 -0.0583997 0 0
ARC -0.031063 -0.0584252 0.00115681 -0.0661594 -7.87402e-08 -1.9685e-07
ARC 0.0584252 -0.031063 0.0584233 0.0310665 0 0
ARC 0.031063 0.0584252 -0.0310665 0.0584233 0 1.9685e-07
CIRCLE 0.19685 0 0.0661417
PIN "1" PAD16 0 0 TOP 0 0
PIN "2" PAD8 0.19685 0 TOP 0 0

SHAPE "Varistor:RV_Disc_D9mm_W3.3mm_P5mm_0"
INSERT TH
LINE -0.0787402 0.0413386 0.275591 0.0413386
LINE -0.0787402 -0.0885827 0.275591 -0.0885827
LINE -0.0787402 0.0413386 -0.0787402 -0.0885827
LINE 0.275591 0.0413386 0.275591 -0.0885827
PIN "1" PAD1 0 0 TOP 0 0
PIN "2" PAD1 0.19685 -0.0472441 TOP 0 0

SHAPE "Resistor_THT:R_Axial_DIN0207_L6.3mm_D2.5mm_P2.54mm_Vertical_2"
INSERT TH
LINE 0.053937 0 0.0566929 0
CIRCLE 0 0 0.053937
PIN "1" PAD3 0 0 TOP 0 0
PIN "2" PAD18 0.1 0 TOP 0 0

SHAPE "Package_TO_SOT_THT:TO-220-3_Vertical_1"
INSERT TH
LINE 0.0271654 0.12874 0.0271654 0.0692913
LINE -0.101575 0.12874 0.301575 0.12874
LINE -0.101575 -0.0539764 0.301575 -0.0539764
LINE 0.172874 0.12874 0.172874 0.0692913
LINE 0.301575 0.12874 0.301575 -0.0539764
LINE -0.101575 0.0692913 0.301575 0.0692913
LINE -0.101575 0.12874 -0.101575 -0.0539764
PIN "1" PAD15 0 0 TOP 0 0
PIN "2" PAD21 0.1 0 TOP 0 0
PIN "3" PAD21 0.2 0 TOP 0 0

SHAPE "Connector_PinSocket_2.54mm:PinSocket_1x02_P2.54mm_Vertical_1"
INSERT TH
LINE 0.0523622 -0.05 0.0523622 -0.152362
LINE -0.0523622 -0.05 0.0523622 -0.05
LINE 0.0523622 0.0523622 0.0523622 0
LINE 0 0.0523622 0.0523622 0.0523622
LINE -0.0523622 -0.05 -0.0523622 -0.152362
LINE -0.0523622 -0.152362 0.0523622 -0.152362
PIN "1" PAD13 0 0 TOP 0 0
PIN "2" PAD20 0 -0.1 TOP 0 0

SHAPE "Resistor_SMD:R_0805_2012Metric_Pad1.20x1.40mm_HandSolder_1"
INSERT SMD
LINE -0.00893953 0.028937 0.00893953 0.028937
LINE -0.00893953 -0.028937 0.00893953 -0.028937
PIN "1" PAD22 -0.0393701 0 TOP 0 0
PIN "2" PAD22 0.0393701 0 TOP 0 0

SHAPE "Resistor_THT:R_Axial_DIN0207_L6.3mm_D2.5mm_P2.54mm_Vertical_3"
INSERT TH
LINE 0.053937 0 0.0566929 0
CIRCLE 0 0 0.053937
PIN "1" PAD3 0 0 TOP 0 0
PIN "2" PAD18 0.1 0 TOP 0 0

SHAPE "Varistor:RV_Disc_D9mm_W3.3mm_P5mm_1"
INSERT TH
LINE -0.0787402 0.0413386 0.275591 0.0413386
LINE -0.0787402 -0.0885827 0.275591 -0.0885827
LINE -0.0787402 0.0413386 -0.0787402 -0.0885827
LINE 0.275591 0.0413386 0.275591 -0.0885827
PIN "1" PAD1 0 0 TOP 0 0
PIN "2" PAD1 0.19685 -0.0472441 TOP 0 0

SHAPE "Fuse:Fuseholder_Littelfuse_100_series_5x20mm"
INSERT TH
LINE -0.0688976 0.120079 0.875984 0.120079
LINE -0.0688976 -0.120079 -0.0688976 0.120079
LINE 0.875984 0.120079 0.875984 -0.120079
LINE 0.875984 -0.120079 -0.0688976 -0.120079
PIN "1" PAD7 0.181102 0 TOP 0 0
PIN "1" PAD7 0 0 TOP 0 0
PIN "2" PAD7 0.807087 0 TOP 0 0
PIN "2" PAD7 0.625984 0 TOP 0 0

SHAPE "TerminalBlock:TerminalBlock_bornier-3_P5.08mm"
INSERT TH
LINE -0.1 0.15 0.5 0.15
LINE -0.1 -0.15 0.5 -0.15
LINE -0.1 -0.1 0.5 -0.1
LINE 0.5 -0.15 0.5 0.15
LINE -0.1 -0.15 -0.1 0.15
PIN "1" PAD17 0 0 TOP 0 0
PIN "2" PAD9 0.2 0 TOP 0 0
PIN "3" PAD9 0.4 0 TOP 0 0

SHAPE "Connector_PinHeader_2.54mm:PinHeader_1x12_P2.54mm_Vertical"
INSERT TH
LINE -0.0523622 -0.05 0.0523622 -0.05
LINE -0.0523622 0.0523622 0 0.0523622
LINE -0.0523622 -0.05 -0.0523622 -1.15236
LINE 0.0523622 -0.05 0.0523622 -1.15236
LINE -0.0523622 0 -0.0523622 0.0523622
LINE -0.0523622 -1.15236 0.0523622 -1.15236
PIN "1" PAD13 0 0 TOP 0 0
PIN "2" PAD20 0 -0.1 TOP 0 0
PIN "3" PAD20 0 -0.2 TOP 0 0
PIN "4" PAD20 0 -0.3 TOP 0 0
PIN "5" PAD20 0 -0.4 TOP 0 0
PIN "6" PAD20 0 -0.5 TOP 0 0
PIN "7" PAD20 0 -0.6 TOP 0 0
PIN "8" PAD20 0 -0.7 TOP 0 0
PIN "9" PAD20 0 -0.8 TOP 0 0
PIN "10" PAD20 0 -0.9 TOP 0 0
PIN "11" PAD20 0 -1 TOP 0 0
PIN "12" PAD20 0 -1.1 TOP 0 0

SHAPE "Resistor_THT:R_Axial_DIN0207_L6.3mm_D2.5mm_P2.54mm_Vertical_4"
INSERT TH
LINE 0.053937 0 0.0566929 0
CIRCLE 0 0 0.053937
PIN "1" PAD3 0 0 TOP 0 0
PIN "2" PAD18 0.1 0 TOP 0 0

SHAPE "Package_TO_SOT_THT:TO-220-3_Vertical_2"
INSERT TH
LINE -0.101575 0.12874 0.301575 0.12874
LINE -0.101575 -0.0539764 0.301575 -0.0539764
LINE 0.172874 0.12874 0.172874 0.0692913
LINE -0.101575 0.0692913 0.301575 0.0692913
LINE -0.101575 0.12874 -0.101575 -0.0539764
LINE 0.0271654 0.12874 0.0271654 0.0692913
LINE 0.301575 0.12874 0.301575 -0.0539764
PIN "1" PAD15 0 0 TOP 0 0
PIN "2" PAD21 0.1 0 TOP 0 0
PIN "3" PAD21 0.2 0 TOP 0 0

SHAPE "Resistor_SMD:R_0805_2012Metric_Pad1.20x1.40mm_HandSolder_2"
INSERT SMD
LINE -0.00893953 -0.028937 0.00893953 -0.028937
LINE -0.00893953 0.028937 0.00893953 0.028937
PIN "1" PAD22 -0.0393701 0 TOP 0 0
PIN "2" PAD22 0.0393701 0 TOP 0 0

SHAPE "Connector_PinSocket_2.54mm:PinSocket_1x02_P2.54mm_Vertical_2"
INSERT TH
LINE 0.0523622 -0.05 0.0523622 -0.152362
LINE -0.0523622 -0.05 -0.0523622 -0.152362
LINE 0.0523622 0.0523622 0.0523622 0
LINE -0.0523622 -0.05 0.0523622 -0.05
LINE 0 0.0523622 0.0523622 0.0523622
LINE -0.0523622 -0.152362 0.0523622 -0.152362
PIN "1" PAD13 0 0 TOP 0 0
PIN "2" PAD20 0 -0.1 TOP 0 0

SHAPE "Capacitor_THT:C_Rect_L19.0mm_W7.0mm_P15.00mm_MKS4_0"
INSERT TH
LINE -0.0834646 -0.14252 0.674016 -0.14252
LINE 0.674016 0.14252 0.674016 -0.14252
LINE -0.0834646 0.14252 0.674016 0.14252
LINE -0.0834646 0.14252 -0.0834646 -0.14252
PIN "1" PAD6 0 0 TOP 0 0
PIN "2" PAD6 0.590551 0 TOP 0 0

SHAPE "Espressif:esp32_devkit_v1_doit"
INSERT SMD
LINE 0.295276 -0.0377953 0.295276 -0.746457
LINE 0.1 0.157795 0.3 0.157795
LINE -0.35 -0.0122047 -0.35 0.187795
LINE -0.35 0.187795 0.35 0.187795
LINE -0.1 0.157795 0 0.157795
LINE 0.295276 -0.746457 -0.295276 -0.746457
LINE -0.472441 0.237795 0.472441 0.237795
LINE -0.25 -1.6122 -0.25 -1.7622
LINE -0.25 -1.7622 -0.35 -1.7622
LINE -0.1 0.0777953 -0.1 0.157795
LINE 0.35 -0.0122047 -0.35 -0.0122047
LINE -0.35 -1.7622 -0.35 -1.6122
LINE -0.472441 -1.78976 0.472441 -1.78976
LINE -0.2 0.157795 -0.2 0.0777953
LINE -0.15748 -1.55354 -0.15748 -1.78976
LINE 0.35 -1.7622 0.25 -1.7622
LINE 0.15748 -1.55354 0.15748 -1.78976
LINE -0.3 0.0177953 -0.3 0.157795
LINE -0.2 0.0777953 -0.1 0.0777953
LINE 0.2 0.157795 0.2 0.0177953
LINE 0.35 0.187795 0.35 -0.0122047
LINE -0.35 -1.6122 -0.25 -1.6122
LINE -0.295276 -0.746457 -0.295276 -0.0377953
LINE -0.295276 -0.0377953 0.295276 -0.0377953
LINE 0.35 -1.6122 0.35 -1.7622
LINE 0.3 0.157795 0.3 0.0177953
LINE -0.551181 0.159055 -0.551181 -1.71102
LINE 0.25 -1.6122 0.35 -1.6122
LINE 0.551181 -1.71102 0.551181 0.159055
LINE 0.1 0.0777953 0.1 0.157795
LINE 0 0.157795 0 0.0777953
LINE 0.25 -1.7622 0.25 -1.6122
LINE -0.3 0.157795 -0.2 0.157795
LINE -0.15748 -1.55354 0.15748 -1.55354
LINE 0 0.0777953 0.1 0.0777953
ARC -0.472441 0.237795 -0.551181 0.159055 -0.472441 0.159055
ARC 0.472441 -1.78976 0.551181 -1.71102 0.472441 -1.71102
ARC 0.551181 0.159055 0.472441 0.237795 0.472441 0.159055
ARC -0.551181 -1.71102 -0.472441 -1.78976 -0.472441 -1.71102
CIRCLE -0.46063 0.159055 0.0590551
CIRCLE 0.3 -1.6872 0.011811
CIRCLE 0.46063 0.159055 0.0590551
CIRCLE -0.3 -1.6872 0.011811
CIRCLE -0.46063 -1.71102 0.0590551
CIRCLE 0.46063 -1.71102 0.0590551
CIRCLE -0.2 -0.662205 0.015748
PIN "1" PAD10 -0.5 0 TOP 0 0
PIN "2" PAD2 -0.5 -0.1 TOP 0 0
PIN "3" PAD2 -0.5 -0.2 TOP 0 0
PIN "4" PAD2 -0.5 -0.3 TOP 0 0
PIN "5" PAD2 -0.5 -0.4 TOP 0 0
PIN "6" PAD2 -0.5 -0.5 TOP 0 0
PIN "7" PAD2 -0.5 -0.6 TOP 0 0
PIN "8" PAD2 -0.5 -0.7 TOP 0 0
PIN "9" PAD2 -0.5 -0.8 TOP 0 0
PIN "10" PAD2 -0.5 -0.9 TOP 0 0
PIN "11" PAD2 -0.5 -1 TOP 0 0
PIN "12" PAD2 -0.5 -1.1 TOP 0 0
PIN "13" PAD2 -0.5 -1.2 TOP 0 0
PIN "14" PAD2 -0.5 -1.3 TOP 0 0
PIN "15" PAD2 -0.5 -1.4 TOP 0 0
PIN "16" PAD2 0.5 -1.4 TOP 0 0
PIN "17" PAD2 0.5 -1.3 TOP 0 0
PIN "18" PAD2 0.5 -1.2 TOP 0 0
PIN "19" PAD2 0.5 -1.1 TOP 0 0
PIN "20" PAD2 0.5 -1 TOP 0 0
PIN "21" PAD2 0.5 -0.9 TOP 0 0
PIN "22" PAD2 0.5 -0.8 TOP 0 0
PIN "23" PAD2 0.5 -0.7 TOP 0 0
PIN "24" PAD2 0.5 -0.6 TOP 0 0
PIN "25" PAD2 0.5 -0.5 TOP 0 0
PIN "26" PAD2 0.5 -0.4 TOP 0 0
PIN "27" PAD2 0.5 -0.3 TOP 0 0
PIN "28" PAD2 0.5 -0.2 TOP 0 0
PIN "29" PAD2 0.5 -0.1 TOP 0 0
PIN "30" PAD2 0.5 0 TOP 0 0

SHAPE "Package_TO_SOT_THT:TO-220-3_Vertical_3"
INSERT TH
LINE -0.101575 0.12874 -0.101575 -0.0539764
LINE -0.101575 0.12874 0.301575 0.12874
LINE 0.172874 0.12874 0.172874 0.0692913
LINE -0.101575 -0.0539764 0.301575 -0.0539764
LINE 0.301575 0.12874 0.301575 -0.0539764
LINE -0.101575 0.0692913 0.301575 0.0692913
LINE 0.0271654 0.12874 0.0271654 0.0692913
PIN "1" PAD15 0 0 TOP 0 0
PIN "2" PAD21 0.1 0 TOP 0 0
PIN "3" PAD21 0.2 0 TOP 0 0

SHAPE "Resistor_THT:R_Axial_DIN0207_L6.3mm_D2.5mm_P2.54mm_Vertical_5"
INSERT TH
LINE 0.053937 0 0.0566929 0
CIRCLE 0 0 0.053937
PIN "1" PAD3 0 0 TOP 0 0
PIN "2" PAD18 0.1 0 TOP 0 0

SHAPE "Converter_ACDC:Converter_ACDC_HiLink_HLK-PMxx"
INSERT TH
LINE -0.0944882 0.299213 -0.0944882 -0.496063
LINE 1.25197 0.299213 -0.0944882 0.299213
LINE -0.109843 0.0393701 -0.109843 -0.0397638
LINE -0.0944882 -0.496063 1.25197 -0.496063
LINE 1.25197 -0.496063 1.25197 0.299213
PIN "1" PAD14 0 0 TOP 0 0
PIN "2" PAD5 0 -0.19685 TOP 0 0
PIN "3" PAD5 1.15748 0.204724 TOP 0 0
PIN "4" PAD5 1.15748 -0.401575 TOP 0 0
$ENDSHAPES

$COMPONENTS

COMPONENT "D3"
DEVICE "DEV_LED_THT:LED_D3.0mm_Clear"
PLACE 2.73381 -3.04908
LAYER TOP
ROTATION -90
SHAPE "LED_THT:LED_D3.0mm_Clear" 0 0
TEXT -0.0742048 -0.038538 0.0393701 270 0 SILKSCREEN_TOP "D3" 0 0 0.0787402 0.0393701
TEXT 0.05 -0.116535 0.0393701 180 0 SILKSCREEN_TOP "LED_Small" 0 0 0.354331 0.0393701
SHEET "RefDes: D3, Value: LED_Small"

COMPONENT "R5"
DEVICE "DEV_Resistor_SMD:R_0805_2012Metric_Pad1.20x1.40mm_HandSolder"
PLACE 3.31354 -3.3244
LAYER TOP
ROTATION 0
SHAPE "Resistor_SMD:R_0805_2012Metric_Pad1.20x1.40mm_HandSolder" 0 0
TEXT 0 0.0649606 0.0393701 0 0 SILKSCREEN_TOP "R5" 0 0 0.0787402 0.0393701
TEXT 0 -0.0649606 0.0393701 0 0 SILKSCREEN_TOP "330R" 0 0 0.15748 0.0393701
SHEET "RefDes: R5, Value: 330R"

COMPONENT "J13"
DEVICE "DEV_TerminalBlock_MetzConnect:TerminalBlock_MetzConnect_Type055_RT01502HDWU_1x02_P5.00mm_Horizontal"
PLACE 7.6561 -1.63823
LAYER TOP
ROTATION 180
SHAPE "TerminalBlock_MetzConnect:TerminalBlock_MetzConnect_Type055_RT01502HDWU_1x02_P5.00mm_Horizontal" 0 0
TEXT 0.306102 0.210039 0.0393701 0 0 SILKSCREEN_TOP "J13" 0 0 0.11811 0.0393701
TEXT 0.0984252 -0.199213 0.0393701 0 0 SILKSCREEN_TOP "Screw_Terminal_01x02" 0 0 0.787402 0.0393701
SHEET "RefDes: J13, Value: Screw_Terminal_01x02"

COMPONENT "U8"
DEVICE "DEV_Package_DIP:DIP-6_W7.62mm_Socket_LongPads"
PLACE 5.22461 -3.47401
LAYER TOP
ROTATION 90
SHAPE "Package_DIP:DIP-6_W7.62mm_Socket_LongPads" 0 0
TEXT 0.074157 -0.287415 0.0393701 0 0 SILKSCREEN_TOP "U8" 0 0 0.0787402 0.0393701
TEXT 0.15 -0.291732 0.0393701 0 0 SILKSCREEN_TOP "MOC3083M" 0 0 0.314961 0.0393701
SHEET "RefDes: U8, Value: MOC3083M"

COMPONENT "R50"
DEVICE "DEV_Resistor_SMD:R_0805_2012Metric_Pad1.20x1.40mm_HandSolder"
PLACE 4.91866 -3.58349
LAYER TOP
ROTATION 0
SHAPE "Resistor_SMD:R_0805_2012Metric_Pad1.20x1.40mm_HandSolder" 0 0
TEXT -0.00893953 -0.0654056 0.0393701 0 0 SILKSCREEN_TOP "R50" 0 0 0.11811 0.0393701
TEXT 0 -0.0649606 0.0393701 0 0 SILKSCREEN_TOP "680R" 0 0 0.15748 0.0393701
SHEET "RefDes: R50, Value: 680R"

COMPONENT "R40"
DEVICE "DEV_Resistor_THT:R_Axial_DIN0207_L6.3mm_D2.5mm_P2.54mm_Vertical"
PLACE 6.62968 -2.05
LAYER TOP
ROTATION 180
SHAPE "Resistor_THT:R_Axial_DIN0207_L6.3mm_D2.5mm_P2.54mm_Vertical" 0 0
TEXT -0.0453202 0.125 0.0393701 -90 0 SILKSCREEN_TOP "R40" 0 0 0.11811 0.0393701
TEXT 0.05 -0.0933071 0.0393701 -180 0 SILKSCREEN_TOP "1k" 0 0 0.0787402 0.0393701
SHEET "RefDes: R40, Value: 1k"

COMPONENT "R27"
DEVICE "DEV_Resistor_THT:R_Axial_DIN0207_L6.3mm_D2.5mm_P2.54mm_Vertical_0"
PLACE 4.51354 -2.5994
LAYER TOP
ROTATION 90
SHAPE "Resistor_THT:R_Axial_DIN0207_L6.3mm_D2.5mm_P2.54mm_Vertical_0" 0 0
TEXT 0.05 0.0933071 0.0393701 0 0 SILKSCREEN_TOP "R27" 0 0 0.11811 0.0393701
TEXT 0.05 -0.0933071 0.0393701 0 0 SILKSCREEN_TOP "22R" 0 0 0.11811 0.0393701
SHEET "RefDes: R27, Value: 22R"

COMPONENT "D2"
DEVICE "DEV_LED_THT:LED_D3.0mm_Clear"
PLACE 2.16134 -3.0492
LAYER TOP
ROTATION -90
SHAPE "LED_THT:LED_D3.0mm_Clear" 0 0
TEXT -0.0742048 -0.0139317 0.0393701 270 0 SILKSCREEN_TOP "D2" 0 0 0.0787402 0.0393701
TEXT 0.05 -0.116535 0.0393701 180 0 SILKSCREEN_TOP "LED_Small" 0 0 0.354331 0.0393701
SHEET "RefDes: D2, Value: LED_Small"

COMPONENT "Q9"
DEVICE "DEV_Package_TO_SOT_THT:TO-220-3_Vertical"
PLACE 6.33854 -2.26495
LAYER TOP
ROTATION 0
SHAPE "Package_TO_SOT_THT:TO-220-3_Vertical" 0 0
TEXT 0.011462 -0.0883936 0.0393701 0 0 SILKSCREEN_TOP "Q9" 0 0 0.0787402 0.0393701
TEXT 0.136462 -0.0133936 0.0393701 0 0 SILKSCREEN_TOP "BT136-600" 0 0 0.354331 0.0393701
SHEET "RefDes: Q9, Value: BT136-600"

COMPONENT "C3"
DEVICE "DEV_Capacitor_THT:C_Rect_L19.0mm_W7.0mm_P15.00mm_MKS4"
PLACE 2.41393 -3.02028
LAYER TOP
ROTATION 90
SHAPE "Capacitor_THT:C_Rect_L19.0mm_W7.0mm_P15.00mm_MKS4" 0 0
TEXT -0.0303227 -0.186068 0.0393701 0 0 SILKSCREEN_TOP "C3" 0 0 0.0787402 0.0393701
TEXT 0.295276 -0.187008 0.0393701 0 0 SILKSCREEN_TOP "10n" 0 0 0.11811 0.0393701
SHEET "RefDes: C3, Value: 10n"

COMPONENT "R55"
DEVICE "DEV_Resistor_THT:R_Axial_DIN0207_L6.3mm_D2.5mm_P2.54mm_Vertical_0"
PLACE 7.46354 -2.5994
LAYER TOP
ROTATION 90
SHAPE "Resistor_THT:R_Axial_DIN0207_L6.3mm_D2.5mm_P2.54mm_Vertical_0" 0 0
TEXT 0.05 0.0933071 0.0393701 0 0 SILKSCREEN_TOP "R55" 0 0 0.11811 0.0393701
TEXT 0.05 -0.0933071 0.0393701 0 0 SILKSCREEN_TOP "22R" 0 0 0.11811 0.0393701
SHEET "RefDes: R55, Value: 22R"

COMPONENT "JP1"
DEVICE "DEV_Connector_PinSocket_2.54mm:PinSocket_1x02_P2.54mm_Vertical"
PLACE 1.46433 -2.05984
LAYER TOP
ROTATION 90
SHAPE "Connector_PinSocket_2.54mm:PinSocket_1x02_P2.54mm_Vertical" 0 0
TEXT -0.140157 0.0643254 0.0393701 0 0 SILKSCREEN_TOP "JP1" 0 0 0.11811 0.0393701
TEXT 0 -0.209055 0.0393701 0 0 SILKSCREEN_TOP "Jumper_2_Open" 0 0 0.511811 0.0393701
SHEET "RefDes: JP1, Value: Jumper_2_Open"

COMPONENT "RV6"
DEVICE "DEV_Varistor:RV_Disc_D9mm_W3.3mm_P5mm"
PLACE 4.73696 -1.93685
LAYER TOP
ROTATION 180
SHAPE "Varistor:RV_Disc_D9mm_W3.3mm_P5mm" 0 0
TEXT 0.336963 0.0269763 0.0393701 -180 0 SILKSCREEN_TOP "RV6" 0 0 0.11811 0.0393701
TEXT 0.0984252 0.0807087 0.0393701 -180 0 SILKSCREEN_TOP "Varistor" 0 0 0.314961 0.0393701
SHEET "RefDes: RV6, Value: Varistor"

COMPONENT "R2"
DEVICE "DEV_Resistor_SMD:R_0805_2012Metric_Pad1.20x1.40mm_HandSolder"
PLACE 1.49913 -3.32898
LAYER TOP
ROTATION 0
SHAPE "Resistor_SMD:R_0805_2012Metric_Pad1.20x1.40mm_HandSolder" 0 0
TEXT 0 0.0649606 0.0393701 0 0 SILKSCREEN_TOP "R2" 0 0 0.0787402 0.0393701
TEXT 0 -0.0649606 0.0393701 0 0 SILKSCREEN_TOP "330R" 0 0 0.15748 0.0393701
SHEET "RefDes: R2, Value: 330R"

COMPONENT "U2"
DEVICE "DEV_Package_DIP:DIP-6_W7.62mm_Socket_LongPads"
PLACE 1.63814 -3.47401
LAYER TOP
ROTATION 90
SHAPE "Package_DIP:DIP-6_W7.62mm_Socket_LongPads" 0 0
TEXT -0.000992008 -0.286856 0.0393701 0 0 SILKSCREEN_TOP "U2" 0 0 0.0787402 0.0393701
TEXT 0.15 -0.291732 0.0393701 0 0 SILKSCREEN_TOP "MOC3083M" 0 0 0.314961 0.0393701
SHEET "RefDes: U2, Value: MOC3083M"

COMPONENT "Q7"
DEVICE "DEV_Package_TO_SOT_THT:TO-220-3_Vertical_0"
PLACE 5.11354 -2.26495
LAYER TOP
ROTATION 0
SHAPE "Package_TO_SOT_THT:TO-220-3_Vertical_0" 0 0
TEXT -0.038538 -0.0883936 0.0393701 0 0 SILKSCREEN_TOP "Q7" 0 0 0.0787402 0.0393701
TEXT 0.1 0.0116064 0.0393701 0 0 SILKSCREEN_TOP "BT136-600" 0 0 0.354331 0.0393701
SHEET "RefDes: Q7, Value: BT136-600"

COMPONENT "R30"
DEVICE "DEV_Resistor_THT:R_Axial_DIN0207_L6.3mm_D2.5mm_P2.54mm_Vertical_0"
PLACE 6.31354 -2.5994
LAYER TOP
ROTATION 90
SHAPE "Resistor_THT:R_Axial_DIN0207_L6.3mm_D2.5mm_P2.54mm_Vertical_0" 0 0
TEXT 0.05 0.0933071 0.0393701 0 0 SILKSCREEN_TOP "R30" 0 0 0.11811 0.0393701
TEXT 0.05 -0.0933071 0.0393701 0 0 SILKSCREEN_TOP "22R" 0 0 0.11811 0.0393701
SHEET "RefDes: R30, Value: 22R"

COMPONENT "Q19"
DEVICE "DEV_Package_TO_SOT_SMD:SOT-23"
PLACE 5.03674 -3.46403
LAYER TOP
ROTATION -90
SHAPE "Package_TO_SOT_SMD:SOT-23" 0 0
TEXT 0.109195 0.0163003 0.0393701 270 0 SILKSCREEN_TOP "Q19" 0 0 0.11811 0.0393701
TEXT 0 -0.0944882 0.0393701 180 0 SILKSCREEN_TOP "BC857" 0 0 0.19685 0.0393701
SHEET "RefDes: Q19, Value: BC857"

COMPONENT "JP9"
DEVICE "DEV_Connector_PinSocket_2.54mm:PinSocket_1x02_P2.54mm_Vertical_0"
PLACE 3.28933 -2.05984
LAYER TOP
ROTATION 90
SHAPE "Connector_PinSocket_2.54mm:PinSocket_1x02_P2.54mm_Vertical_0" 0 0
TEXT -0.0901575 0.0643254 0.0393701 0 0 SILKSCREEN_TOP "JP9" 0 0 0.11811 0.0393701
TEXT 0 -0.209055 0.0393701 0 0 SILKSCREEN_TOP "Jumper_2_Open" 0 0 0.511811 0.0393701
SHEET "RefDes: JP9, Value: Jumper_2_Open"

COMPONENT "J12"
DEVICE "DEV_TerminalBlock_MetzConnect:TerminalBlock_MetzConnect_Type055_RT01502HDWU_1x02_P5.00mm_Horizontal"
PLACE 7.06555 -1.63823
LAYER TOP
ROTATION 180
SHAPE "TerminalBlock_MetzConnect:TerminalBlock_MetzConnect_Type055_RT01502HDWU_1x02_P5.00mm_Horizontal" 0 0
TEXT 0.290551 0.210039 0.0393701 0 0 SILKSCREEN_TOP "J12" 0 0 0.11811 0.0393701
TEXT 0.0984252 -0.199213 0.0393701 0 0 SILKSCREEN_TOP "Screw_Terminal_01x02" 0 0 0.787402 0.0393701
SHEET "RefDes: J12, Value: Screw_Terminal_01x02"

COMPONENT "J3_DC5V1"
DEVICE "DEV_TerminalBlock_MetzConnect:TerminalBlock_MetzConnect_Type055_RT01502HDWU_1x02_P5.00mm_Horizontal_0"
PLACE 5.475 -4.23877
LAYER TOP
ROTATION 90
SHAPE "TerminalBlock_MetzConnect:TerminalBlock_MetzConnect_Type055_RT01502HDWU_1x02_P5.00mm_Horizontal_0" 0 0
TEXT -0.262899 -0.167027 0.0393701 0 0 SILKSCREEN_TOP "J3_DC5V1" 0 0 0.314961 0.0393701
TEXT 0.0984252 -0.199213 0.0393701 0 0 SILKSCREEN_TOP "Screw_Terminal_01x02" 0 0 0.787402 0.0393701
SHEET "RefDes: J3_DC5V1, Value: Screw_Terminal_01x02"

COMPONENT "Q2"
DEVICE "DEV_Package_TO_SOT_THT:TO-220-3_Vertical"
PLACE 2.21354 -2.26495
LAYER TOP
ROTATION 0
SHAPE "Package_TO_SOT_THT:TO-220-3_Vertical" 0 0
TEXT -0.063538 -0.0883936 0.0393701 0 0 SILKSCREEN_TOP "Q2" 0 0 0.0787402 0.0393701
TEXT 0.1 0.0116064 0.0393701 0 0 SILKSCREEN_TOP "BT136-600" 0 0 0.354331 0.0393701
SHEET "RefDes: Q2, Value: BT136-600"

COMPONENT "J5"
DEVICE "DEV_TerminalBlock_MetzConnect:TerminalBlock_MetzConnect_Type055_RT01502HDWU_1x02_P5.00mm_Horizontal"
PLACE 2.93169 -1.63823
LAYER TOP
ROTATION 180
SHAPE "TerminalBlock_MetzConnect:TerminalBlock_MetzConnect_Type055_RT01502HDWU_1x02_P5.00mm_Horizontal" 0 0
TEXT 0.306693 0.210039 0.0393701 0 0 SILKSCREEN_TOP "J5" 0 0 0.0787402 0.0393701
TEXT 0.0984252 -0.199213 0.0393701 0 0 SILKSCREEN_TOP "Screw_Terminal_01x02" 0 0 0.787402 0.0393701
SHEET "RefDes: J5, Value: Screw_Terminal_01x02"

COMPONENT "R28"
DEVICE "DEV_Resistor_THT:R_Axial_DIN0207_L6.3mm_D2.5mm_P2.54mm_Vertical_0"
PLACE 5.08854 -2.5994
LAYER TOP
ROTATION 90
SHAPE "Resistor_THT:R_Axial_DIN0207_L6.3mm_D2.5mm_P2.54mm_Vertical_0" 0 0
TEXT 0.05 0.0933071 0.0393701 0 0 SILKSCREEN_TOP "R28" 0 0 0.11811 0.0393701
TEXT 0.05 -0.0933071 0.0393701 0 0 SILKSCREEN_TOP "22R" 0 0 0.11811 0.0393701
SHEET "RefDes: R28, Value: 22R"

COMPONENT "R48"
DEVICE "DEV_Resistor_SMD:R_0805_2012Metric_Pad1.20x1.40mm_HandSolder"
PLACE 6.11826 -3.57873
LAYER TOP
ROTATION 0
SHAPE "Resistor_SMD:R_0805_2012Metric_Pad1.20x1.40mm_HandSolder" 0 0
TEXT -0.00893953 -0.0612282 0.0393701 0 0 SILKSCREEN_TOP "R48" 0 0 0.11811 0.0393701
TEXT 0 -0.0649606 0.0393701 0 0 SILKSCREEN_TOP "680R" 0 0 0.15748 0.0393701
SHEET "RefDes: R48, Value: 680R"

COMPONENT "D5"
DEVICE "DEV_LED_THT:LED_D3.0mm_Clear"
PLACE 3.90842 -3.0504
LAYER TOP
ROTATION -90
SHAPE "LED_THT:LED_D3.0mm_Clear" 0 0
TEXT -0.0742048 -0.038538 0.0393701 270 0 SILKSCREEN_TOP "D5" 0 0 0.0787402 0.0393701
TEXT 0.05 -0.116535 0.0393701 180 0 SILKSCREEN_TOP "LED_Small" 0 0 0.354331 0.0393701
SHEET "RefDes: D5, Value: LED_Small"

COMPONENT "R44"
DEVICE "DEV_Resistor_SMD:R_0805_2012Metric_Pad1.20x1.40mm_HandSolder_0"
PLACE 3.4 -3.58725
LAYER TOP
ROTATION 180
SHAPE "Resistor_SMD:R_0805_2012Metric_Pad1.20x1.40mm_HandSolder_0" 0 0
TEXT -0.135059 -0.000755551 0.0393701 -180 0 SILKSCREEN_TOP "R44" 0 0 0.11811 0.0393701
TEXT 0 -0.0649606 0.0393701 -180 0 SILKSCREEN_TOP "680R" 0 0 0.15748 0.0393701
SHEET "RefDes: R44, Value: 680R"

COMPONENT "R38"
DEVICE "DEV_Resistor_THT:R_Axial_DIN0207_L6.3mm_D2.5mm_P2.54mm_Vertical_1"
PLACE 5.35468 -2.05
LAYER TOP
ROTATION 180
SHAPE "Resistor_THT:R_Axial_DIN0207_L6.3mm_D2.5mm_P2.54mm_Vertical_1" 0 0
TEXT -0.0953202 0.0255983 0.0393701 -90 0 SILKSCREEN_TOP "R38" 0 0 0.11811 0.0393701
TEXT 0.05 -0.0933071 0.0393701 -180 0 SILKSCREEN_TOP "1k" 0 0 0.0787402 0.0393701
SHEET "RefDes: R38, Value: 1k"

COMPONENT "JP6"
DEVICE "DEV_Connector_PinSocket_2.54mm:PinSocket_1x02_P2.54mm_Vertical_0"
PLACE 5.01433 -2.05984
LAYER TOP
ROTATION 90
SHAPE "Connector_PinSocket_2.54mm:PinSocket_1x02_P2.54mm_Vertical_0" 0 0
TEXT -0.0901575 0.0393254 0.0393701 0 0 SILKSCREEN_TOP "JP6" 0 0 0.11811 0.0393701
TEXT 0 -0.110675 0.0393701 90 0 SILKSCREEN_TOP "Jumper_2_Open" 0 0 0.511811 0.0393701
SHEET "RefDes: JP6, Value: Jumper_2_Open"

COMPONENT "J6"
DEVICE "DEV_TerminalBlock_MetzConnect:TerminalBlock_MetzConnect_Type055_RT01502HDWU_1x02_P5.00mm_Horizontal"
PLACE 3.52224 -1.63823
LAYER TOP
ROTATION 180
SHAPE "TerminalBlock_MetzConnect:TerminalBlock_MetzConnect_Type055_RT01502HDWU_1x02_P5.00mm_Horizontal" 0 0
TEXT 0.297244 0.210039 0.0393701 0 0 SILKSCREEN_TOP "J6" 0 0 0.0787402 0.0393701
TEXT 0.0984252 -0.199213 0.0393701 0 0 SILKSCREEN_TOP "Screw_Terminal_01x02" 0 0 0.787402 0.0393701
SHEET "RefDes: J6, Value: Screw_Terminal_01x02"

COMPONENT "J7"
DEVICE "DEV_TerminalBlock_MetzConnect:TerminalBlock_MetzConnect_Type055_RT01502HDWU_1x02_P5.00mm_Horizontal"
PLACE 4.1128 -1.63823
LAYER TOP
ROTATION 180
SHAPE "TerminalBlock_MetzConnect:TerminalBlock_MetzConnect_Type055_RT01502HDWU_1x02_P5.00mm_Horizontal" 0 0
TEXT 0.287795 0.21177 0.0393701 0 0 SILKSCREEN_TOP "J7" 0 0 0.0787402 0.0393701
TEXT 0.0984252 -0.199213 0.0393701 0 0 SILKSCREEN_TOP "Screw_Terminal_01x02" 0 0 0.787402 0.0393701
SHEET "RefDes: J7, Value: Screw_Terminal_01x02"

COMPONENT "J5_AC_INPUT1"
DEVICE "DEV_TerminalBlock:TerminalBlock_bornier-2_P5.08mm"
PLACE 7.71354 -4.3494
LAYER TOP
ROTATION -90
SHAPE "TerminalBlock:TerminalBlock_bornier-2_P5.08mm" 0 0
TEXT 0.10063 0.210189 0.0393701 180 0 SILKSCREEN_TOP "J5_AC_INPUT1" 0 0 0.472441 0.0393701
TEXT 0.1 -0.2 0.0393701 180 0 SILKSCREEN_TOP "Screw_Terminal_01x02" 0 0 0.787402 0.0393701
SHEET "RefDes: J5_AC_INPUT1, Value: Screw_Terminal_01x02"

COMPONENT "R25"
DEVICE "DEV_Resistor_THT:R_Axial_DIN0207_L6.3mm_D2.5mm_P2.54mm_Vertical_0"
PLACE 2.76354 -2.5994
LAYER TOP
ROTATION 90
SHAPE "Resistor_THT:R_Axial_DIN0207_L6.3mm_D2.5mm_P2.54mm_Vertical_0" 0 0
TEXT 0.05 0.0933071 0.0393701 0 0 SILKSCREEN_TOP "R25" 0 0 0.11811 0.0393701
TEXT 0.05 -0.0933071 0.0393701 0 0 SILKSCREEN_TOP "22R" 0 0 0.11811 0.0393701
SHEET "RefDes: R25, Value: 22R"

COMPONENT "C4"
DEVICE "DEV_Capacitor_THT:C_Rect_L19.0mm_W7.0mm_P15.00mm_MKS4"
PLACE 2.98854 -3.02028
LAYER TOP
ROTATION 90
SHAPE "Capacitor_THT:C_Rect_L19.0mm_W7.0mm_P15.00mm_MKS4" 0 0
TEXT -0.0303227 -0.186462 0.0393701 0 0 SILKSCREEN_TOP "C4" 0 0 0.0787402 0.0393701
TEXT 0.295276 -0.187008 0.0393701 0 0 SILKSCREEN_TOP "10n" 0 0 0.11811 0.0393701
SHEET "RefDes: C4, Value: 10n"

COMPONENT "JP5"
DEVICE "DEV_Connector_PinSocket_2.54mm:PinSocket_1x02_P2.54mm_Vertical_0"
PLACE 4.46433 -2.05984
LAYER TOP
ROTATION 90
SHAPE "Connector_PinSocket_2.54mm:PinSocket_1x02_P2.54mm_Vertical_0" 0 0
TEXT -0.0901575 0.0643254 0.0393701 0 0 SILKSCREEN_TOP "JP5" 0 0 0.11811 0.0393701
TEXT 0 -0.209055 0.0393701 0 0 SILKSCREEN_TOP "Jumper_2_Open" 0 0 0.511811 0.0393701
SHEET "RefDes: JP5, Value: Jumper_2_Open"

COMPONENT "D4"
DEVICE "DEV_LED_THT:LED_D3.0mm_Clear"
PLACE 3.31041 -3.04879
LAYER TOP
ROTATION -90
SHAPE "LED_THT:LED_D3.0mm_Clear" 0 0
TEXT -0.0742048 -0.038538 0.0393701 270 0 SILKSCREEN_TOP "D4" 0 0 0.0787402 0.0393701
TEXT 0.05 -0.116535 0.0393701 180 0 SILKSCREEN_TOP "LED_Small" 0 0 0.354331 0.0393701
SHEET "RefDes: D4, Value: LED_Small"

COMPONENT "R47"
DEVICE "DEV_Resistor_SMD:R_0805_2012Metric_Pad1.20x1.40mm_HandSolder_0"
PLACE 1.64354 -3.58877
LAYER TOP
ROTATION 180
SHAPE "Resistor_SMD:R_0805_2012Metric_Pad1.20x1.40mm_HandSolder_0" 0 0
TEXT -0.156462 0.0112282 0.0393701 -180 0 SILKSCREEN_TOP "R47" 0 0 0.11811 0.0393701
TEXT 0 -0.0649606 0.0393701 -180 0 SILKSCREEN_TOP "680R" 0 0 0.15748 0.0393701
SHEET "RefDes: R47, Value: 680R"

COMPONENT "Q1"
DEVICE "DEV_Package_TO_SOT_THT:TO-220-3_Vertical_0"
PLACE 1.53854 -2.26495
LAYER TOP
ROTATION 0
SHAPE "Package_TO_SOT_THT:TO-220-3_Vertical_0" 0 0
TEXT -0.038538 -0.0883936 0.0393701 0 0 SILKSCREEN_TOP "Q1" 0 0 0.0787402 0.0393701
TEXT 0.1 0.0116064 0.0393701 0 0 SILKSCREEN_TOP "BT136-600" 0 0 0.354331 0.0393701
SHEET "RefDes: Q1, Value: BT136-600"

COMPONENT "J4_AC_OUTPUT1"
DEVICE "DEV_TerminalBlock_MetzConnect:TerminalBlock_MetzConnect_Type055_RT01502HDWU_1x02_P5.00mm_Horizontal_1"
PLACE 7.6928 -3.92352
LAYER TOP
ROTATION 90
SHAPE "TerminalBlock_MetzConnect:TerminalBlock_MetzConnect_Type055_RT01502HDWU_1x02_P5.00mm_Horizontal_1" 0 0
TEXT 0.098765 -0.212451 0.0393701 0 0 SILKSCREEN_TOP "J4_AC_OUTPUT1" 0 0 0.511811 0.0393701
TEXT 0.0984252 -0.199213 0.0393701 0 0 SILKSCREEN_TOP "Screw_Terminal_01x02" 0 0 0.787402 0.0393701
SHEET "RefDes: J4_AC_OUTPUT1, Value: Screw_Terminal_01x02"

COMPONENT "U11"
DEVICE "DEV_Package_DIP:DIP-6_W7.62mm_Socket_LongPads"
PLACE 7.03814 -3.47401
LAYER TOP
ROTATION 90
SHAPE "Package_DIP:DIP-6_W7.62mm_Socket_LongPads" 0 0
TEXT 0.15 -0.286856 0.0393701 0 0 SILKSCREEN_TOP "U11" 0 0 0.11811 0.0393701
TEXT 0.15 -0.291732 0.0393701 0 0 SILKSCREEN_TOP "MOC3083M" 0 0 0.314961 0.0393701
SHEET "RefDes: U11, Value: MOC3083M"

COMPONENT "RV2"
DEVICE "DEV_Varistor:RV_Disc_D9mm_W3.3mm_P5mm_0"
PLACE 2.43696 -1.93685
LAYER TOP
ROTATION 180
SHAPE "Varistor:RV_Disc_D9mm_W3.3mm_P5mm_0" 0 0
TEXT -0.148207 0.0317587 0.0393701 -180 0 SILKSCREEN_TOP "RV2" 0 0 0.11811 0.0393701
TEXT 0.0984252 0.0807087 0.0393701 -180 0 SILKSCREEN_TOP "Varistor" 0 0 0.314961 0.0393701
SHEET "RefDes: RV2, Value: Varistor"

COMPONENT "R26"
DEVICE "DEV_Resistor_THT:R_Axial_DIN0207_L6.3mm_D2.5mm_P2.54mm_Vertical_0"
PLACE 3.33854 -2.5994
LAYER TOP
ROTATION 90
SHAPE "Resistor_THT:R_Axial_DIN0207_L6.3mm_D2.5mm_P2.54mm_Vertical_0" 0 0
TEXT 0.05 0.0933071 0.0393701 0 0 SILKSCREEN_TOP "R26" 0 0 0.11811 0.0393701
TEXT 0.05 -0.0933071 0.0393701 0 0 SILKSCREEN_TOP "22R" 0 0 0.11811 0.0393701
SHEET "RefDes: R26, Value: 22R"

COMPONENT "R31"
DEVICE "DEV_Resistor_THT:R_Axial_DIN0207_L6.3mm_D2.5mm_P2.54mm_Vertical_0"
PLACE 6.91354 -2.5994
LAYER TOP
ROTATION 90
SHAPE "Resistor_THT:R_Axial_DIN0207_L6.3mm_D2.5mm_P2.54mm_Vertical_0" 0 0
